"Subject.Number" "Activity.ID" "Activity" "tBodyAccMag-mean()" "tGravityAccMag-mean()" "tBodyAccJerkMag-mean()" "tBodyGyroMag-mean()" "tBodyGyroJerkMag-mean()" "fBodyAccMag-mean()" "fBodyBodyAccJerkMag-mean()" "fBodyBodyGyroMag-mean()" "fBodyBodyGyroJerkMag-mean()" "tBodyAccMag-std()" "tGravityAccMag-std()" "tBodyAccJerkMag-std()" "tBodyGyroMag-std()" "tBodyGyroJerkMag-std()" "fBodyAccMag-std()" "fBodyBodyAccJerkMag-std()" "fBodyBodyGyroMag-std()" "fBodyBodyGyroJerkMag-std()"
"1" 1 1 "WALKING" -0.136971176556842 -0.136971176556842 -0.141428809031579 -0.160979552536842 -0.298703679084211 -0.128623450629474 -0.0571194000343158 -0.199252568986316 -0.319308593778947 -0.219688645631579 -0.219688645631579 -0.0744717500625263 -0.186978364526316 -0.325324878894737 -0.398032586842105 -0.103492403002105 -0.321017953894737 -0.381601911789474
"2" 1 2 "WALKING_UPSTAIRS" -0.129927630735849 -0.129927630735849 -0.466503446226415 -0.126735589969811 -0.59488286509434 -0.352395944716981 -0.44265216245283 -0.325961457396226 -0.634665082075472 -0.324970929245283 -0.324970929245283 -0.478991622075472 -0.14861931805283 -0.648553044339623 -0.416260101509434 -0.533059853773585 -0.182985518264151 -0.693930521509434
"3" 1 3 "WALKING_DOWNSTAIRS" 0.0271882914106122 0.0271882914106122 -0.0894474807979592 -0.0757412543673469 -0.295463843346939 0.0965845343040816 0.0262184949326531 -0.185720285744898 -0.281963359177551 0.0198843506265306 0.0198843506265306 -0.0257877197081633 -0.225724368061224 -0.306510645530612 -0.186530301073469 -0.104052260726531 -0.398350390122449 -0.391919876612245
"4" 1 4 "SITTING" -0.948536786170213 -0.948536786170213 -0.987364195531915 -0.93089249 -0.991976341276596 -0.947782922553192 -0.985262126808511 -0.958435589361702 -0.989797547234043 -0.927078418723404 -0.927078418723404 -0.984120024042553 -0.934531840425532 -0.988308728510638 -0.928444801702128 -0.981606177446808 -0.932198374893617 -0.987049617234043
"5" 1 5 "STANDING" -0.984278207358491 -0.984278207358491 -0.992367790566038 -0.976493792830189 -0.994966790566038 -0.985356361132075 -0.99254247754717 -0.984617623396226 -0.994815376981132 -0.981942928867925 -0.981942928867925 -0.993096209433962 -0.978690028679245 -0.994733238679245 -0.982313804716981 -0.992536003396226 -0.978466072075472 -0.994671123207547
"6" 1 6 "LAYING" -0.8419291525 -0.8419291525 -0.9543962646 -0.874759548 -0.96346103 -0.8617676481 -0.9333003608 -0.8621901854 -0.9423669466 -0.79514486386 -0.79514486386 -0.9282456284 -0.81901016976 -0.9358409828 -0.7983009404 -0.9218039756 -0.82431943968 -0.9326606676
"7" 2 1 "WALKING" -0.290407593728814 -0.290407593728814 -0.281424153881356 -0.446549092881356 -0.547911950338983 -0.324289427932203 -0.169064352813559 -0.530704814745763 -0.583249293389831 -0.422544169322034 -0.422544169322034 -0.164150985127119 -0.553019916271186 -0.557798151355932 -0.577105211694915 -0.164091969449153 -0.651792839661017 -0.558104554745763
"8" 2 2 "WALKING_UPSTAIRS" -0.107322679520833 -0.107322679520833 -0.321268911041667 -0.219713472958333 -0.572816438541667 -0.14531853915625 -0.189511136902083 -0.450612184791667 -0.60079849625 -0.205977045295833 -0.205977045295833 -0.21738939458125 -0.377532167604167 -0.597291719166667 -0.36672824375 -0.2604238389625 -0.438620401875 -0.621820202916667
"9" 2 3 "WALKING_DOWNSTAIRS" 0.0899511204978723 0.0899511204978723 0.00565516335106383 -0.162188586930426 -0.410872671489362 0.293424826591489 0.222247409576596 -0.320838543553191 -0.380175306489362 0.215586334889362 0.215586334889362 0.22961718512766 -0.274844110531915 -0.343187875404255 -0.0214787881723404 0.227480732542553 -0.372576755361702 -0.343698985425532
"10" 2 4 "SITTING" -0.967893623913043 -0.967893623913043 -0.986774713043478 -0.946035087173913 -0.991081493913043 -0.96127374826087 -0.983874698913043 -0.971840596086956 -0.989861950869565 -0.953081444130435 -0.953081444130435 -0.984475868043478 -0.961313624130435 -0.989594919565217 -0.955575602173913 -0.984124185869565 -0.961385745217391 -0.989632908913043
"11" 2 5 "STANDING" -0.965875181296296 -0.965875181296296 -0.980489077407407 -0.963466341851852 -0.983951904259259 -0.964052166481482 -0.977065295555556 -0.961775904814815 -0.977849827407407 -0.957874965 -0.957874965 -0.976675280185185 -0.95394338037037 -0.977204427777778 -0.960519381481482 -0.97516046 -0.956788725740741 -0.977754298148148
"12" 2 6 "LAYING" -0.977435485208333 -0.977435485208333 -0.987741696041667 -0.950011569583333 -0.991767074166667 -0.975110196458333 -0.985374114791667 -0.972112972708333 -0.990248702291667 -0.972873912916667 -0.972873912916667 -0.98551807625 -0.961164053958333 -0.989718095208333 -0.975121387916667 -0.984568489166667 -0.96109837875 -0.989492660416667
"13" 3 1 "WALKING" -0.254690333275862 -0.254690333275862 -0.280009317413793 -0.466411754137931 -0.566135217931034 -0.290031535172414 -0.186764516965517 -0.569755772241379 -0.607751646034483 -0.328428936551724 -0.328428936551724 -0.139916355325862 -0.561510683275862 -0.567371560862069 -0.456373080862069 -0.0898519904044828 -0.632643292931034 -0.549087007931034
"14" 3 2 "WALKING_UPSTAIRS" -0.184014895 -0.184014895 -0.436901159491525 -0.347321812220339 -0.658861401355932 -0.315866079491525 -0.412920898474576 -0.514211583728814 -0.716877778644068 -0.333597432542373 -0.333597432542373 -0.439020591694915 -0.408886653186441 -0.718028040338983 -0.447994369152542 -0.48060920220339 -0.445181802430508 -0.740033436271186
"15" 3 3 "WALKING_DOWNSTAIRS" -0.0628126118283674 -0.0628126118283674 -0.205239246653061 -0.215294501244898 -0.508567577142857 0.0289413195612245 -0.049477977322449 -0.332376629371429 -0.576277199387755 -0.0411340078469388 -0.0411340078469388 -0.0926324494530612 -0.245794699346939 -0.583919211020408 -0.233849422120408 -0.159102288018367 -0.322440827020408 -0.624910820612245
"16" 3 4 "SITTING" -0.895383350192308 -0.895383350192308 -0.969080752884615 -0.919354372307692 -0.977998051923077 -0.904185725576923 -0.965888891730769 -0.946664943653846 -0.977898105576923 -0.8703017 -0.8703017 -0.966550084230769 -0.925518103807692 -0.976772675961538 -0.874626592115385 -0.966568852884615 -0.925449629 -0.976689802692308
"17" 3 5 "STANDING" -0.925430819016393 -0.925430819016393 -0.959303840327869 -0.892089349344262 -0.962339339672131 -0.926968932295082 -0.948627467704918 -0.913682362622951 -0.960331717868852 -0.915143303606557 -0.915143303606557 -0.948770043278689 -0.88212522147541 -0.957679766885246 -0.921836076557377 -0.94820681442623 -0.883439718032787 -0.957121510491803
"18" 3 6 "LAYING" -0.972791346129032 -0.972791346129032 -0.979484593387097 -0.951564751451613 -0.98671362516129 -0.96552427516129 -0.975949597903226 -0.96458672483871 -0.984278251290323 -0.964218176451613 -0.964218176451613 -0.976121297903226 -0.954275110967742 -0.983139255645161 -0.968350217419355 -0.975305377903226 -0.955441855806452 -0.982568158064516
"19" 4 1 "WALKING" -0.312050574166667 -0.312050574166667 -0.366700879833333 -0.49779220106 -0.6813040365 -0.450804558333333 -0.318587811 -0.609285588016667 -0.724327420666667 -0.527679103166667 -0.527679103166667 -0.316918956 -0.553116111166667 -0.7301463685 -0.651172628166667 -0.320458701 -0.593937200833333 -0.757768081166667
"20" 4 2 "WALKING_UPSTAIRS" -0.153703935357692 -0.153703935357692 -0.400922254807692 -0.299779407884615 -0.686978374423077 -0.276825498230769 -0.397406285 -0.575794072115385 -0.740749226346154 -0.212012300480769 -0.212012300480769 -0.437261477884615 -0.510974134423077 -0.755270457692308 -0.301005898461538 -0.497324087307692 -0.552489628846154 -0.794209483076923
"21" 4 3 "WALKING_DOWNSTAIRS" -0.0491616726733333 -0.0491616726733333 -0.228851413747333 -0.3466062928 -0.592843014888889 -0.01907433524 -0.175295286557778 -0.429213369555556 -0.621752455777778 -0.0819559041111111 -0.0819559041111111 -0.216858921977778 -0.3805726254 -0.637079543555556 -0.263644030288889 -0.280426776955556 -0.457674088 -0.685470931777778
"22" 4 4 "SITTING" -0.93569482 -0.93569482 -0.9701322836 -0.9260633138 -0.9804904618 -0.929002095 -0.9625007338 -0.9487697524 -0.9765477634 -0.9144078448 -0.9144078448 -0.9625491104 -0.928898293 -0.9758066902 -0.9198157096 -0.9615845194 -0.9288505544 -0.9762617538
"23" 4 5 "STANDING" -0.906478051785714 -0.906478051785714 -0.963370738392857 -0.900982100535714 -0.967614073928571 -0.917614014821429 -0.956139283571429 -0.914209165714286 -0.964471139464286 -0.890976683392857 -0.890976683392857 -0.958159482142857 -0.885144317678571 -0.964282784285714 -0.895340042142857 -0.96003249875 -0.887194404285714 -0.9664302175
"24" 4 6 "LAYING" -0.954557603148148 -0.954557603148148 -0.970095771666667 -0.930236462592593 -0.985068502037037 -0.939389701296296 -0.96228712537037 -0.961556660185185 -0.983609073333333 -0.931292216611111 -0.931292216611111 -0.960786430740741 -0.947031781666667 -0.982698213703704 -0.937187975962963 -0.958037119259259 -0.947100325185185 -0.982543631666667
"25" 5 1 "WALKING" -0.158338674394643 -0.158338674394643 -0.288333024071429 -0.355933083571429 -0.444532485357143 -0.304992488892857 -0.269481661080357 -0.484262828928571 -0.548053574821429 -0.377178733392857 -0.377178733392857 -0.282242276785714 -0.492176823571429 -0.48919974625 -0.519636926071429 -0.305685376071429 -0.589741506785714 -0.455665300892857
"26" 5 2 "WALKING_UPSTAIRS" 0.0435562021989362 0.0435562021989362 -0.247403476914894 -0.235516929306383 -0.47348816787234 -0.169261525 -0.264674938957447 -0.392564530851064 -0.571344138723404 -0.136736383765957 -0.136736383765957 -0.310186545957447 -0.354687870212766 -0.557988065531915 -0.254091927148936 -0.378616675957447 -0.440445051914894 -0.572485019787234
"27" 5 3 "WALKING_DOWNSTAIRS" 0.211138853638298 0.211138853638298 -0.0637528559361702 -0.218029835319149 -0.39719562106383 0.155742168808511 0.00918394264170213 -0.349338414731915 -0.453697247021277 0.205422375957447 0.205422375957447 -0.0292570509829787 -0.360678305253192 -0.450303212340426 0.0428533623276596 -0.089735699787234 -0.484141274255319 -0.487128422553191
"28" 5 4 "SITTING" -0.9379783225 -0.9379783225 -0.969320155681818 -0.934301646590909 -0.973848287045455 -0.936290604545455 -0.964440302272727 -0.944760322045455 -0.971598370227273 -0.920939027727273 -0.920939027727273 -0.965757731590909 -0.931414810454545 -0.970392610454546 -0.925669291136364 -0.966545323409091 -0.934746865454545 -0.970675403409091
"29" 5 5 "STANDING" -0.906104701071429 -0.906104701071429 -0.956863566071429 -0.900671630714286 -0.958405900892857 -0.9046413925 -0.941825903035714 -0.904543921607143 -0.952286438035714 -0.87977380125 -0.87977380125 -0.942962047678571 -0.867041711785714 -0.947970723571429 -0.886745170714286 -0.943601960178571 -0.868913993928571 -0.946196462857143
"30" 5 6 "LAYING" -0.966777882884615 -0.966777882884615 -0.980141253846154 -0.946938300576923 -0.9864194225 -0.962234984038462 -0.977356379807692 -0.968257068846154 -0.984618025769231 -0.958612786346154 -0.958612786346154 -0.977477145384615 -0.958287921923077 -0.98377138 -0.962525369423077 -0.976381934807692 -0.959263063269231 -0.983434493076923
"31" 6 1 "WALKING" -0.166840713631579 -0.166840713631579 -0.195117026052632 -0.281207841122807 -0.321290483140351 -0.201386607649123 -0.055401423331579 -0.329681123368421 -0.366500534122807 -0.266734167368421 -0.266734167368421 -0.0706029648421053 -0.36560291677193 -0.364708342315789 -0.421683093508772 -0.0964999702982456 -0.510648322631579 -0.408078906482456
"32" 6 2 "WALKING_UPSTAIRS" 0.0177790974433333 0.0177790974433333 -0.207379799254902 -0.12912124415098 -0.342895367921569 -0.0819479396203922 -0.169868234496078 -0.230627015078431 -0.45923633377451 -0.0791508842176471 -0.0791508842176471 -0.169970363039216 -0.199893710196078 -0.440079851313725 -0.222161433666667 -0.177734840922353 -0.318173892545098 -0.455937719019608
"33" 6 3 "WALKING_DOWNSTAIRS" 0.333754731458333 0.333754731458333 0.10384507225 0.0142677821595833 -0.0829366854166667 0.395958034583333 0.243834258785417 -0.0143735434 -0.132705384364583 0.373611914166667 0.373611914166667 0.209502174375 -0.0426276750979167 -0.111228416159583 0.1446227570625 0.15480886140625 -0.242353857320833 -0.145733545496458
"34" 6 4 "SITTING" -0.949543531272727 -0.949543531272727 -0.962733502 -0.932703812181818 -0.962929227818182 -0.935750391272727 -0.948348653636364 -0.929725679272727 -0.952034566 -0.931572655636364 -0.931572655636364 -0.948181827818182 -0.921259472727273 -0.950150571818182 -0.939547202909091 -0.947304700363636 -0.929549141636364 -0.951196693454545
"35" 6 5 "STANDING" -0.945022876491228 -0.945022876491228 -0.967102436140351 -0.939404744385965 -0.963406222982456 -0.945949804035088 -0.955914005438597 -0.926664297017544 -0.955425138245614 -0.939310249649123 -0.939310249649123 -0.956099145964912 -0.915891572982456 -0.952536233859649 -0.94456410754386 -0.95538157877193 -0.923108761578947 -0.952088499473684
"36" 6 6 "LAYING" -0.918878850824561 -0.918878850824561 -0.954750504912281 -0.908980174736842 -0.955645738245614 -0.91235165222807 -0.948655471052632 -0.930153639473684 -0.953695957368421 -0.897326245964912 -0.897326245964912 -0.950341934385965 -0.920914497017544 -0.953157001578947 -0.905373979824561 -0.951552664035088 -0.928694890175439 -0.955504654561404
"37" 7 1 "WALKING" -0.0978090439438596 -0.0978090439438596 -0.192948900438596 -0.305959351403509 -0.300022779964912 -0.151243649578947 -0.0384187298547368 -0.192909765467895 -0.155339855862632 -0.198554708385965 -0.198554708385965 -0.027557329277193 -0.19828316695614 -0.0953401161070176 -0.351706780526316 -0.022138358 -0.343894914947368 -0.0841663774087719
"38" 7 2 "WALKING_UPSTAIRS" -0.198074437978431 -0.198074437978431 -0.458695232352941 -0.239099165627451 -0.661969771960784 -0.378618761568627 -0.45478324745098 -0.533982945882353 -0.673327281960784 -0.33474460745098 -0.33474460745098 -0.471265710980392 -0.418144852156863 -0.67642807254902 -0.415307106666667 -0.497441363137255 -0.444994481882353 -0.704090967843137
"39" 7 3 "WALKING_DOWNSTAIRS" 0.0198795285851064 0.0198795285851064 -0.170319619372979 -0.18874081887234 -0.399229959148936 0.218911066191489 0.067389886106383 -0.255045057404255 -0.289096677191489 0.214544028088723 0.214544028088723 0.0901836280510638 -0.259751603446809 -0.29477867693617 0.0214440976893617 0.107856840302128 -0.396909651702128 -0.353544695678723
"40" 7 4 "SITTING" -0.918432107083333 -0.918432107083333 -0.976559676458333 -0.897870535 -0.981665122291667 -0.90895677625 -0.970954184166667 -0.933081955208333 -0.978634991458333 -0.881957619770833 -0.881957619770833 -0.970243274166667 -0.898063314375 -0.976214430208333 -0.88691563825 -0.9684948675 -0.895804978125 -0.97496593875
"41" 7 5 "STANDING" -0.942724659245283 -0.942724659245283 -0.973381306226415 -0.943425564528302 -0.977377083018868 -0.945611450377358 -0.967417888301887 -0.93870498490566 -0.973671168679245 -0.933590156792453 -0.933590156792453 -0.968566356037736 -0.918438958867924 -0.97210793 -0.93728796509434 -0.969092161886792 -0.919848139056604 -0.971899418301887
"42" 7 6 "LAYING" -0.936392023846154 -0.936392023846154 -0.980127239615385 -0.915793634807692 -0.983008829038462 -0.927976880634615 -0.968066259230769 -0.941130719230769 -0.974117912115385 -0.907039513153846 -0.907039513153846 -0.967310932307692 -0.918662459038462 -0.971205137884615 -0.910542462919231 -0.965359228076923 -0.918892518653846 -0.969403035384615
"43" 8 1 "WALKING" 0.0516786278104167 0.0516786278104167 -0.0668322430433333 -0.00310243820125 -0.339129269583333 -0.09521728274375 -0.123834409766667 -0.301241848645833 -0.473026230833333 -0.1804072826 -0.1804072826 -0.184571053979167 -0.238746703958333 -0.502957255416667 -0.360818978541667 -0.276436130125 -0.327459577895833 -0.581240190833333
"44" 8 2 "WALKING_UPSTAIRS" 0.121026629195122 0.121026629195122 -0.141494613465854 0.166447991 -0.400664014146341 -0.13026451905122 -0.131850567460976 -0.229610952609756 -0.46327057804878 -0.227200254219512 -0.227200254219512 -0.228296364146341 -0.109327923829268 -0.493975031707317 -0.409282851707317 -0.379266499780488 -0.183325647134146 -0.575733290731707
"45" 8 3 "WALKING_DOWNSTAIRS" 0.176599311818421 0.176599311818421 0.262628490268421 0.0993429744078947 -0.126189142894737 0.301626757315789 0.331528459921053 -0.00036272967368421 -0.125179586744737 0.131337867236842 0.131337867236842 0.2534082561 -0.0466291872078947 -0.157484866842105 -0.156141093578947 0.134734731236842 -0.255590314210526 -0.26298447
"46" 8 4 "SITTING" -0.952139704347826 -0.952139704347826 -0.986061512173913 -0.93268224326087 -0.991807428043478 -0.947981783478261 -0.980932292391304 -0.965806789347826 -0.987730604130435 -0.929943615630435 -0.929943615630435 -0.980667377391304 -0.953001632173913 -0.986756670869565 -0.93172124 -0.97932021173913 -0.953251156521739 -0.986147262608696
"47" 8 5 "STANDING" -0.953762884074074 -0.953762884074074 -0.984920797777778 -0.952848496851852 -0.987580587777778 -0.953746070740741 -0.979745872037037 -0.964564224074074 -0.983709233333333 -0.937187185222222 -0.937187185222222 -0.979932239074074 -0.95322478962963 -0.982460332222222 -0.938628186322222 -0.979135440925926 -0.954119826296296 -0.981832336296296
"48" 8 6 "LAYING" -0.935308633888889 -0.935308633888889 -0.97314748962963 -0.924253348518518 -0.978438191296296 -0.932279645518518 -0.961792852407407 -0.944528950555556 -0.968403945925926 -0.91325033 -0.91325033 -0.962954517222222 -0.932470764444444 -0.969029111666667 -0.917257979425926 -0.963791094259259 -0.93678697 -0.971793279814815
"49" 9 1 "WALKING" -0.0980840496143461 -0.0980840496143461 -0.203733615519231 -0.294542266826923 -0.510253995769231 -0.318801022711538 -0.316870715576923 -0.513797480384615 -0.602581618269231 -0.37942877 -0.37942877 -0.317113487115385 -0.489725811538462 -0.599866472692308 -0.513891953269231 -0.322337536730769 -0.562714528653846 -0.624351923653846
"50" 9 2 "WALKING_UPSTAIRS" -0.260727581428571 -0.260727581428571 -0.440667540204082 -0.0833234490061224 -0.672840561836735 -0.372890348979592 -0.419533108571429 -0.531482693877551 -0.734159449387755 -0.400222037142857 -0.400222037142857 -0.445485397959184 -0.425839761428571 -0.748651255510204 -0.509929461428571 -0.484935752040816 -0.456841325204082 -0.787781590816326
"51" 9 3 "WALKING_DOWNSTAIRS" 0.145886357935714 0.145886357935714 -0.16237608927619 -0.168921400633333 -0.469028434047619 0.222203941 0.00716877883571429 -0.347540226666667 -0.463172053809524 0.265120131365238 0.265120131365238 0.039907818552381 -0.322331464761905 -0.455855425238095 0.0888671674047619 0.0705526138333333 -0.424170737142857 -0.485158906904762
"52" 9 4 "SITTING" -0.8933617176 -0.8933617176 -0.964383757 -0.9032355368 -0.9733641366 -0.8977181972 -0.9530504408 -0.9344377378 -0.9683155878 -0.8637564342 -0.8637564342 -0.9517802432 -0.9066063206 -0.9663610734 -0.8691725114 -0.9493949814 -0.9064712292 -0.9659970148
"53" 9 5 "STANDING" -0.945167482444444 -0.945167482444444 -0.969524578888889 -0.921030223111111 -0.969824044222222 -0.946330171777778 -0.963242884 -0.929769067777778 -0.967491628 -0.936105010444444 -0.936105010444444 -0.963764177777778 -0.908291403111111 -0.965287050888889 -0.940265546444444 -0.963593159555556 -0.910909659555556 -0.964770799111111
"54" 9 6 "LAYING" -0.9308684376 -0.9308684376 -0.9633745492 -0.9071250998 -0.964524819 -0.9266042952 -0.9543205856 -0.9186053356 -0.9558062546 -0.91512680016 -0.91512680016 -0.9550268052 -0.8985578738 -0.9528015598 -0.921929738394 -0.9550947122 -0.9034005814 -0.9522904702
"55" 10 1 "WALKING" -0.127400912069811 -0.127400912069811 -0.132624992298283 -0.156458730358491 -0.440363636603774 -0.0930237422792453 0.0205189516981132 -0.412616909622642 -0.515065335849057 -0.185602396067925 -0.185602396067925 0.037608338009434 -0.402025135660377 -0.501027916603774 -0.370471943962264 0.0502087634986792 -0.499759796981132 -0.517675799056604
"56" 10 2 "WALKING_UPSTAIRS" -0.0266623294757447 -0.0266623294757447 -0.262038042446809 0.0438573846851064 -0.523462968510638 -0.166866721574468 -0.153553147382979 -0.265371689148936 -0.600582998297872 -0.211537480214383 -0.211537480214383 -0.226010197889362 -0.113062673542979 -0.618272355319149 -0.361437534680851 -0.334365043829787 -0.166969377765957 -0.67129056212766
"57" 10 3 "WALKING_DOWNSTAIRS" 0.250843769394737 0.250843769394737 0.0507010228431579 -0.0238468037578947 -0.401854311315789 0.220115703368421 0.156978047052632 -0.312347510289474 -0.484196484736842 0.156998205421053 0.156998205421053 0.110877231263158 -0.280382850552632 -0.494105756315789 -0.0616742840815789 0.0380266696789474 -0.387780104447368 -0.544988519210526
"58" 10 4 "SITTING" -0.96075719962963 -0.96075719962963 -0.988054237592593 -0.944202043703704 -0.993707487592593 -0.955281010740741 -0.985900801111111 -0.974459732592593 -0.992191529259259 -0.939669591481481 -0.939669591481481 -0.985209856296296 -0.963064577592593 -0.991696196481481 -0.941511952777778 -0.983266741481482 -0.962459956111111 -0.991409100925926
"59" 10 5 "STANDING" -0.951988907954545 -0.951988907954545 -0.965163818409091 -0.929787259772727 -0.971637661590909 -0.9401101675 -0.951633690454545 -0.937786743409091 -0.965614081363636 -0.937264537954545 -0.937264537954545 -0.952058214545455 -0.920486810227273 -0.964409410454545 -0.945048242954545 -0.952105964545455 -0.922961550454545 -0.965055815454545
"60" 10 6 "LAYING" -0.956781819655172 -0.956781819655172 -0.976234435172414 -0.937590998793103 -0.970830848965517 -0.950848109137931 -0.968561121551724 -0.937692642586207 -0.960976821551724 -0.940301654482759 -0.940301654482759 -0.967556980689655 -0.927471165517241 -0.959632931551724 -0.944304974655172 -0.965377553448276 -0.933701315344828 -0.960772875517241
"61" 11 1 "WALKING" -0.288323472033898 -0.288323472033898 -0.402333202033898 -0.421801673559322 -0.63073270559322 -0.458514062542373 -0.395116134237288 -0.610222628813559 -0.751914457457627 -0.487735915084746 -0.487735915084746 -0.403141284745763 -0.558362783220339 -0.753671416101695 -0.584455992033898 -0.41744681559322 -0.59974543779661 -0.773574064745763
"62" 11 2 "WALKING_UPSTAIRS" -0.132594623759259 -0.132594623759259 -0.509587701296296 -0.255048336944444 -0.757314813888889 -0.336061027407407 -0.475928501666667 -0.55009966 -0.795986113703704 -0.289592148148148 -0.289592148148148 -0.490485807222222 -0.377909862407407 -0.80112703962963 -0.376027878888889 -0.513703461481481 -0.381223382777778 -0.822428718888889
"63" 11 3 "WALKING_DOWNSTAIRS" 0.126227657258696 0.126227657258696 -0.198206139934783 -0.19788336026087 -0.599294760652174 0.0902807576630435 -0.097454996626087 -0.456170108913043 -0.668340527608696 0.0507743652521739 0.0507743652521739 -0.127017223413043 -0.339349828493478 -0.677750588478261 -0.137123060369565 -0.173661753717391 -0.380559426947826 -0.714229669347826
"64" 11 4 "SITTING" -0.961970763773585 -0.961970763773585 -0.97935563509434 -0.951884472075472 -0.989519031132076 -0.953066009056604 -0.975315331509434 -0.969799951132076 -0.987255972641509 -0.944581826415094 -0.944581826415094 -0.974511726792453 -0.959964488301887 -0.986256664716981 -0.948521986037736 -0.972289134150943 -0.960711241886792 -0.985607229245283
"65" 11 5 "STANDING" -0.984853836595745 -0.984853836595745 -0.989242377234043 -0.979978011489362 -0.993428183617021 -0.982255413617021 -0.988636595319149 -0.982576519787234 -0.992981019787234 -0.98030536893617 -0.98030536893617 -0.988853960638298 -0.977071437446808 -0.992579166595745 -0.981503969574468 -0.98802123106383 -0.977437710851064 -0.992277468510638
"66" 11 6 "LAYING" -0.980621180175439 -0.980621180175439 -0.983330628421053 -0.952523752105263 -0.990641248245614 -0.973994004561404 -0.976940774561403 -0.967093356491228 -0.985978837192982 -0.972891829473684 -0.972891829473684 -0.976504858596491 -0.954713182807018 -0.984476476666667 -0.976037695614035 -0.975126531403509 -0.954849053508772 -0.983569468245614
"67" 12 1 "WALKING" -0.102204550448 -0.102204550448 -0.144064922688 -0.35593036512 -0.5174937754 -0.153116002784 -0.029912425338 -0.442503784 -0.5611764414 -0.23697286882 -0.23697286882 -0.02028505044 -0.4132083408 -0.5488904506 -0.4088962994 -0.013953908696 -0.4948022154 -0.5649340126
"68" 12 2 "WALKING_UPSTAIRS" -0.229183927115385 -0.229183927115385 -0.432469300961538 -0.316561585961538 -0.674972132307692 -0.290005418653846 -0.3208844625 -0.594032515192308 -0.714332592115385 -0.285844036153846 -0.285844036153846 -0.329827968269231 -0.525686949063462 -0.713406712307692 -0.395285130961538 -0.346565141730769 -0.564435086711538 -0.733130764423077
"69" 12 3 "WALKING_DOWNSTAIRS" 0.0183139429630435 0.0183139429630435 -0.107091019565217 -0.213351510686957 -0.442831079130435 0.148017269434783 0.0769968373 -0.344938419969565 -0.458227490826087 0.0972608274652174 0.0972608274652174 0.0655781271934783 -0.32045862629 -0.452449935 -0.105124972078261 0.0420631251108696 -0.423553971956522 -0.486780424347826
"70" 12 4 "SITTING" -0.952176621372549 -0.952176621372549 -0.974734489803922 -0.941907240784314 -0.980392337647059 -0.955944253137255 -0.971715268627451 -0.958511866666667 -0.97848445372549 -0.947517100196078 -0.947517100196078 -0.972745892745098 -0.946769241568627 -0.978260535882353 -0.950647188823529 -0.972951443333333 -0.948460978823529 -0.979256387058824
"71" 12 5 "STANDING" -0.941459935081967 -0.941459935081967 -0.968790683278689 -0.888101372786885 -0.969289973606557 -0.945217802786885 -0.960859009508197 -0.902356765573771 -0.963059791967213 -0.935232945245902 -0.935232945245902 -0.962678857213115 -0.852271618032787 -0.961923171967213 -0.939741929016393 -0.964145595245902 -0.850033171967213 -0.962909739016393
"72" 12 6 "LAYING" -0.9482046755 -0.9482046755 -0.969843834166667 -0.9308405935 -0.971067768833333 -0.9438674399 -0.962448418666667 -0.9454970225 -0.963949607166667 -0.936542686833333 -0.936542686833333 -0.962580915166667 -0.935725715833333 -0.962012018333333 -0.942133255166667 -0.961653004 -0.940373827666667 -0.961911612333333
"73" 13 1 "WALKING" -0.135643867842105 -0.135643867842105 -0.133205034736842 -0.218669558421053 -0.303508210175439 -0.23460086645614 -0.15211150075614 -0.267472373877193 -0.338527133789474 -0.292546377017544 -0.292546377017544 -0.131788528797719 -0.253240071964912 -0.322118379807018 -0.438388953157895 -0.113591923723684 -0.379951835438597 -0.349285611070175
"74" 13 2 "WALKING_UPSTAIRS" -0.10115350174 -0.10115350174 -0.456190454 -0.237182958116364 -0.631964902181818 -0.367522800909091 -0.425100006545455 -0.485477308909091 -0.656088544363636 -0.326339622181818 -0.326339622181818 -0.451225931090909 -0.415658606181818 -0.669216383090909 -0.409065516363636 -0.491090809090909 -0.470770800363636 -0.712261499636364
"75" 13 3 "WALKING_DOWNSTAIRS" -0.0294634299553191 -0.0294634299553191 -0.127926051502128 -0.102114480531915 -0.323552439276596 0.0528791880659574 -0.0282156656914894 -0.206121707212766 -0.266399903210638 -0.0156098198829787 -0.0156098198829787 -0.0433959844 -0.236762631468085 -0.27649151037234 -0.210912766382979 -0.0709893839055319 -0.400560061212766 -0.343094861202128
"76" 13 4 "SITTING" -0.957690563673469 -0.957690563673469 -0.989497838979592 -0.951142644081633 -0.992604304489796 -0.956901559653061 -0.988348535306122 -0.973258277755102 -0.991723741632653 -0.937935738571429 -0.937935738571429 -0.988813098163265 -0.963940591428571 -0.991414934897959 -0.938529931020408 -0.988332303469388 -0.96426809755102 -0.991219445918367
"77" 13 5 "STANDING" -0.971564243157895 -0.971564243157895 -0.98680002754386 -0.95782537245614 -0.983637634912281 -0.972393559473684 -0.981977536491228 -0.957488799473684 -0.977197403859649 -0.968519673859649 -0.968519673859649 -0.981865616666667 -0.944980198421053 -0.976197659649123 -0.970445378947368 -0.980621262631579 -0.946857485438596 -0.976467330175439
"78" 13 6 "LAYING" -0.960517768225806 -0.960517768225806 -0.985467853870968 -0.944303111935484 -0.98544626483871 -0.959535493548387 -0.980754385967742 -0.957681621290323 -0.978150814032258 -0.947944746612903 -0.947944746612903 -0.980066243387097 -0.944687480967742 -0.975113305645161 -0.949431319193548 -0.978044349516129 -0.946133432096774 -0.972798632258065
"79" 14 1 "WALKING" -0.144404671779661 -0.144404671779661 -0.377293155084746 -0.137208741864407 -0.519895046779661 -0.373516771016949 -0.431591453389831 -0.311386449661017 -0.591036936101695 -0.36380562779661 -0.36380562779661 -0.439746918474576 -0.201401930542373 -0.606103313898305 -0.457490009491525 -0.453426008983051 -0.265504551525424 -0.65567766220339
"80" 14 2 "WALKING_UPSTAIRS" 0.140108204051852 0.140108204051852 -0.28366383592037 0.365779419444444 -0.399921949557407 -0.0759851813333333 -0.288744334092593 0.0488588668185185 -0.457250612407407 -0.0197686685018519 -0.0197686685018519 -0.337086266574074 0.299975979851852 -0.485819293703704 -0.143253889222222 -0.409847649281481 0.236659662496296 -0.564964076388889
"81" 14 3 "WALKING_DOWNSTAIRS" 0.185537706866667 0.185537706866667 0.0353601375466667 0.166340011842444 -0.275120883488889 0.471905155133333 0.186223478065556 -0.0787568406777778 -0.254747132274667 0.428405922622222 0.428405922622222 0.194708838913556 -0.0665144570666667 -0.274744003577778 0.178684580868889 0.194263424111111 -0.223927430580444 -0.356849425488889
"82" 14 4 "SITTING" -0.944197943703704 -0.944197943703704 -0.976521006111111 -0.942756369259259 -0.988317606666667 -0.940589853333333 -0.972985342962963 -0.963320540555556 -0.987324239259259 -0.92549582962963 -0.92549582962963 -0.973343388888889 -0.947081158333333 -0.986963989814815 -0.929193937222222 -0.972959409444444 -0.946517963703704 -0.987065177777778
"83" 14 5 "STANDING" -0.943456847333333 -0.943456847333333 -0.972965788166667 -0.943530016833333 -0.974873328 -0.949715059833333 -0.970214125833333 -0.944405563833333 -0.969175636833333 -0.936735577166667 -0.936735577166667 -0.970437182833333 -0.931426203833333 -0.966834217 -0.939799869833333 -0.969677515666667 -0.934815560833333 -0.966019259166667
"84" 14 6 "LAYING" -0.905978250196078 -0.905978250196078 -0.972576392941176 -0.904665418431373 -0.975621183137255 -0.899463668843137 -0.96798859627451 -0.930151731176471 -0.966455343137255 -0.856593119215686 -0.856593119215686 -0.966450909019608 -0.913433185882353 -0.964009921960784 -0.859606047058823 -0.963607433921569 -0.917760104901961 -0.963666018039216
"85" 15 1 "WALKING" -0.186514650759259 -0.186514650759259 -0.320129322962963 -0.243711124444444 -0.543979500555556 -0.275156242062037 -0.289753952407407 -0.489166383703704 -0.645075178148148 -0.323878324074074 -0.323878324074074 -0.310071425166667 -0.425798469148148 -0.63778595537037 -0.458344792407407 -0.342411927851852 -0.481750218518519 -0.654010147222222
"86" 15 2 "WALKING_UPSTAIRS" -0.000971394711666667 -0.000971394711666667 -0.316050382083333 -0.201217274 -0.663637117708333 -0.165242147958333 -0.261956679958333 -0.45369356625 -0.731422357916667 -0.136552217494583 -0.136552217494583 -0.313363553125 -0.288429008639583 -0.748954848541667 -0.255659340833333 -0.391313399375 -0.308585869854167 -0.793104483333333
"87" 15 3 "WALKING_DOWNSTAIRS" 0.320449387166667 0.320449387166667 -0.0372666071540476 -0.121686320740476 -0.509466648095238 0.331150229285714 0.158413334683333 -0.373898631190476 -0.565396130714286 0.353204008095238 0.353204008095238 0.159631710516667 -0.284249712071429 -0.563640131190476 0.153124178119048 0.1505077506 -0.34938720602381 -0.593472444285714
"88" 15 4 "SITTING" -0.958669836271186 -0.958669836271186 -0.986107839152542 -0.957331628305085 -0.992188893898305 -0.949752001322034 -0.984689437118644 -0.973762179830509 -0.990180959322034 -0.93797790559322 -0.93797790559322 -0.984639018474576 -0.963475074915254 -0.989720049491525 -0.941195938135593 -0.983276251694915 -0.963378228474576 -0.989503941694915
"89" 15 5 "STANDING" -0.961207616226415 -0.961207616226415 -0.981495125660377 -0.946961381132076 -0.984407077924528 -0.960337344339623 -0.979078785660377 -0.956733900188679 -0.983188091886792 -0.948600432641509 -0.948600432641509 -0.979994800566038 -0.931286778679245 -0.98143282754717 -0.950204045849057 -0.980184086603774 -0.928838303773585 -0.980329709433962
"90" 15 6 "LAYING" -0.955340661527778 -0.955340661527778 -0.979890228194444 -0.944605127222222 -0.983235025416667 -0.956001034027778 -0.973681222777778 -0.946812642361111 -0.975727853888889 -0.943314107916667 -0.943314107916667 -0.973644462777778 -0.924043007638889 -0.973650041666667 -0.94550856 -0.972530077916667 -0.923682244861111 -0.972645710694444
"91" 16 1 "WALKING" -0.258766694117647 -0.258766694117647 -0.363144483529412 -0.485931932745098 -0.671541834117647 -0.410463241960784 -0.378278490588235 -0.669228540784314 -0.72068229 -0.47180926745098 -0.47180926745098 -0.403386563921569 -0.665078404313725 -0.722808438431373 -0.592150985098039 -0.441447754509804 -0.721137001568627 -0.745726853921569
"92" 16 2 "WALKING_UPSTAIRS" -0.233990331568627 -0.233990331568627 -0.48321905 -0.308260568039216 -0.737705162156863 -0.370649738235294 -0.475597717843137 -0.630546675490196 -0.787833632352941 -0.334795080196078 -0.334795080196078 -0.493067129607843 -0.518189646470588 -0.797293228431373 -0.418924256078431 -0.51993124 -0.532486721568627 -0.825314327058824
"93" 16 3 "WALKING_DOWNSTAIRS" 0.191079793587447 0.191079793587447 -0.165908810808511 -0.309820427234043 -0.590896636382979 0.114032088546809 -0.0745659082223404 -0.488253939574468 -0.58966315 0.119183740638298 0.119183740638298 -0.0783498875595745 -0.422315316808511 -0.595822214468085 -0.0534137179170213 -0.0919623368021277 -0.479939845914894 -0.633479804680851
"94" 16 4 "SITTING" -0.961879680724638 -0.961879680724638 -0.987472699130435 -0.946417382463768 -0.992444606231884 -0.958335480724638 -0.983968635942029 -0.954060994347826 -0.989363136376812 -0.941051236086957 -0.941051236086957 -0.983615334057971 -0.937942404637681 -0.988261252608696 -0.942588250115942 -0.982190554782609 -0.938863215072464 -0.987506348985507
"95" 16 5 "STANDING" -0.969948825128205 -0.969948825128205 -0.989205231794872 -0.972528178205128 -0.992848576025641 -0.971082558076923 -0.986502687948718 -0.975448632179487 -0.99117243 -0.95729449448718 -0.95729449448718 -0.986761550641026 -0.964105768461539 -0.990809427435897 -0.957173571923077 -0.985912716923077 -0.963574736025641 -0.990672800769231
"96" 16 6 "LAYING" -0.961834634857143 -0.961834634857143 -0.988349656571429 -0.951777099571429 -0.990839526285714 -0.968020521285714 -0.987514525142857 -0.970249638857143 -0.988695277714286 -0.957895927714286 -0.957895927714286 -0.987891003571429 -0.959020036285714 -0.988212425428571 -0.958111895857143 -0.98724716 -0.958975084 -0.988058401142857
"97" 17 1 "WALKING" -0.151151487704918 -0.151151487704918 -0.301093269180328 -0.335009836885246 -0.517167440655738 -0.429380043442623 -0.335938891803279 -0.518618058688525 -0.582711859672131 -0.461837866885246 -0.461837866885246 -0.275672786229508 -0.522494763606557 -0.53970849147541 -0.565162507704918 -0.211231860180328 -0.615320077704918 -0.520385479180328
"98" 17 2 "WALKING_UPSTAIRS" -0.0128062276916667 -0.0128062276916667 -0.357233897916667 -0.235191249091667 -0.637367490625 -0.150305643291667 -0.360299853125 -0.504066956875 -0.669008763541667 -0.1028777303875 -0.1028777303875 -0.390912450416667 -0.440837260125 -0.68231162875 -0.217393170604167 -0.437383107916667 -0.496444579791667 -0.7241557425
"99" 17 3 "WALKING_DOWNSTAIRS" 0.148951103536087 0.148951103536087 -0.221631694184783 -0.232641763307609 -0.540325787826087 0.0580680522108696 -0.188680399771739 -0.40943875826087 -0.57734888 0.0914076757326087 0.0914076757326087 -0.206576683876087 -0.352687281086957 -0.592319490869565 -0.0618876767130435 -0.236538515947826 -0.428868687826087 -0.643399203913044
"100" 17 4 "SITTING" -0.97274734640625 -0.97274734640625 -0.99281471515625 -0.967177744375 -0.996334795 -0.973626755 -0.99142725046875 -0.98336929234375 -0.995204564375 -0.96506519109375 -0.96506519109375 -0.99144649921875 -0.97541025484375 -0.994446755625 -0.9653996796875 -0.99031962640625 -0.97471085296875 -0.99362452375
"101" 17 5 "STANDING" -0.977635981410256 -0.977635981410256 -0.991742753589744 -0.978184576538462 -0.993672973717949 -0.980967748205128 -0.990162798846154 -0.984291131538461 -0.992723939358974 -0.975377309871795 -0.975377309871795 -0.990363248205128 -0.977680837435897 -0.992372117307692 -0.975504840641026 -0.989472086666667 -0.977263418717949 -0.992177303589744
"102" 17 6 "LAYING" -0.953021411126761 -0.953021411126761 -0.981607627887324 -0.960733121690141 -0.985542411126761 -0.961046326338028 -0.979687318732394 -0.969014444788732 -0.982765526478873 -0.948257993521127 -0.948257993521127 -0.980126745352113 -0.959325498732394 -0.982038121126761 -0.949042531690141 -0.979657231408451 -0.96002383915493 -0.981983437605634
"103" 18 1 "WALKING" -0.287908078035714 -0.287908078035714 -0.379269262142857 -0.500471147857143 -0.636485896964286 -0.424386734107143 -0.41403775125 -0.620331394285714 -0.710596311071429 -0.460346465357143 -0.460346465357143 -0.42541866125 -0.60851009125 -0.726591779107143 -0.565563056964286 -0.444453486071429 -0.668908146607143 -0.769408385535714
"104" 18 2 "WALKING_UPSTAIRS" -0.279146312758621 -0.279146312758621 -0.601463948275862 -0.3691086 -0.781652689310345 -0.436561064482759 -0.574481396551724 -0.654029089310345 -0.826193160862069 -0.37184157 -0.37184157 -0.579330320344828 -0.528058134137931 -0.835525127931035 -0.436218933448276 -0.587926077068965 -0.533044636034483 -0.860910992241379
"105" 18 3 "WALKING_DOWNSTAIRS" -0.293531973636364 -0.293531973636364 -0.466516044 -0.381022814727273 -0.701663073636364 -0.241973534781818 -0.3833987134 -0.604735414363636 -0.744236045090909 -0.229934247036364 -0.229934247036364 -0.3825173332 -0.507995478327273 -0.744159518909091 -0.344299434181818 -0.386565072363636 -0.533844932145455 -0.763430801654545
"106" 18 4 "SITTING" -0.983674151754386 -0.983674151754386 -0.989869574561404 -0.977634992105263 -0.994873439824561 -0.984781467192982 -0.990407075964912 -0.986535242105263 -0.99480818754386 -0.981595285964912 -0.981595285964912 -0.991159350526316 -0.981372675614035 -0.994868913508772 -0.982226151578947 -0.991044297894737 -0.981252632807018 -0.994967621754386
"107" 18 5 "STANDING" -0.972607495342466 -0.972607495342466 -0.98596529369863 -0.963006793150685 -0.988685954931507 -0.976797646027397 -0.984987073150685 -0.972352593013699 -0.988960668767123 -0.972285545479452 -0.972285545479452 -0.986015285890411 -0.959797118082192 -0.988519665753425 -0.973264853561644 -0.986277356712329 -0.95911345739726 -0.988407465205479
"108" 18 6 "LAYING" -0.986456241538462 -0.986456241538462 -0.98832154 -0.980740846769231 -0.993095122615385 -0.986788412 -0.988548418307692 -0.984329092153846 -0.991901007538462 -0.986464542615385 -0.986464542615385 -0.989526277538462 -0.980560877846154 -0.992153054 -0.987648484461539 -0.989710656769231 -0.981468841692308 -0.992737961692308
"109" 19 1 "WALKING" 0.0648173438653846 0.0648173438653846 0.109450990201923 0.100045071430769 -0.164699977592308 0.0322272296217308 0.0730179928688462 -0.0952460452365385 -0.262442822846154 -0.0993927171359615 -0.0993927171359615 0.0356558788076923 -0.0218463165461538 -0.271487480103846 -0.324793406057692 -0.0222869586038462 -0.141598402309615 -0.336148733
"110" 19 2 "WALKING_UPSTAIRS" 0.01738119347275 0.01738119347275 -0.114189605875 -0.06161577145 -0.372790526575 -0.07962876322 -0.187391317015 -0.28884026785 -0.4771839145 -0.177666828025 -0.177666828025 -0.284060693125 -0.26440144275 -0.50740029025 -0.368253499 -0.43467125 -0.3771327525 -0.58828966075
"111" 19 3 "WALKING_DOWNSTAIRS" 0.644604325128205 0.644604325128205 0.434490400974359 0.418004608615385 0.0875816618205128 0.586637550769231 0.538404846128205 0.203979764835897 -0.0229045295641026 0.413472376589744 0.413472376589744 0.450612065720513 0.237821231894872 -0.0438985022538462 0.0828630624102564 0.316346415348718 0.0320366671179487 -0.143254547512821
"112" 19 4 "SITTING" -0.962074065616438 -0.962074065616438 -0.986423976027397 -0.942229043835616 -0.989450316575342 -0.962632577945206 -0.983751646712329 -0.964238768493151 -0.986727418493151 -0.951755657260274 -0.951755657260274 -0.984205184931507 -0.950491807945205 -0.985831284657534 -0.952802277671233 -0.983687272739726 -0.950484417260274 -0.985416444657534
"113" 19 5 "STANDING" -0.960505683561644 -0.960505683561644 -0.983068923561644 -0.94174504109589 -0.985801637671233 -0.968910788767123 -0.979135412739726 -0.958578129589041 -0.984536610136986 -0.962549342465753 -0.962549342465753 -0.979640838082192 -0.937951031506849 -0.983069427945205 -0.964259110821918 -0.979179149452055 -0.936723548493151 -0.982228582191781
"114" 19 6 "LAYING" -0.96626080686747 -0.96626080686747 -0.98478434 -0.953263432771084 -0.985342497710843 -0.971957401325301 -0.980621564096386 -0.965624724457831 -0.981890470361446 -0.963193489036145 -0.963193489036145 -0.980668287831325 -0.955906646506024 -0.980245510843374 -0.964056773975904 -0.979452188433735 -0.957496024457831 -0.97932784746988
"115" 20 1 "WALKING" 0.039402280578902 0.039402280578902 -0.0429359302764706 0.0686275147882353 -0.194893253196078 -0.00353341793921569 0.0545269493972549 -0.0520065599062745 -0.180365335498431 -0.156930391921569 -0.156930391921569 0.0210765716843137 -0.0367853189588235 -0.149864146847059 -0.389934004313725 -0.0310650270227451 -0.196210236058824 -0.171975765239216
"116" 20 2 "WALKING_UPSTAIRS" 0.00872502461176471 0.00872502461176471 -0.255611242098039 0.0223302538235294 -0.37192841627451 -0.205009295196078 -0.215014031556863 -0.286627716823529 -0.450393446470588 -0.198269718823529 -0.198269718823529 -0.239444370019608 -0.253929985803922 -0.455396068627451 -0.320241012294118 -0.280450026862745 -0.360948341823529 -0.50282154372549
"117" 20 3 "WALKING_DOWNSTAIRS" 0.221851587933333 0.221851587933333 -0.0612699838466667 0.0938419436933333 -0.268183423577778 0.151887747217778 0.0137917152644444 -0.100566103524444 -0.311668472555556 0.172636361444444 0.172636361444444 0.0467185842571111 -0.0305762438706667 -0.275591880382222 0.000242174637777778 0.0790379799133333 -0.151681987177778 -0.281657285946667
"118" 20 4 "SITTING" -0.952738043030303 -0.952738043030303 -0.978774578333333 -0.939574435606061 -0.983010276060606 -0.946913451666667 -0.971730462575758 -0.953399068181818 -0.976108353787879 -0.937764028181818 -0.937764028181818 -0.972537871515151 -0.941069909848485 -0.97507615 -0.942151231515152 -0.972597744242424 -0.943725755909091 -0.975226588333333
"119" 20 5 "STANDING" -0.92240685739726 -0.92240685739726 -0.956624899041096 -0.883675028630137 -0.94793650109589 -0.921225595205479 -0.940007897123288 -0.879437674794521 -0.929600007123288 -0.910672094794521 -0.910672094794521 -0.938454372328767 -0.843683410273973 -0.926328788356164 -0.918651880273973 -0.936025033013699 -0.849127347123288 -0.927225720410959
"120" 20 6 "LAYING" -0.960743126176471 -0.960743126176471 -0.984670073823529 -0.9604473725 -0.986749500882353 -0.952827071323529 -0.979695458088235 -0.969832241176471 -0.981119820588235 -0.939489444558824 -0.939489444558824 -0.980161687058824 -0.962153597941176 -0.981079301617647 -0.9418940855 -0.979565196911765 -0.964205915441177 -0.981986152941177
"121" 21 1 "WALKING" -0.123455661519231 -0.123455661519231 -0.148138991523077 -0.284775644807692 -0.426930725 -0.251266388923077 -0.144009889665385 -0.409516081153846 -0.4995972025 -0.299709752173077 -0.299709752173077 -0.0838487968942308 -0.408304434423077 -0.450369988846154 -0.438149791153846 -0.0186734409634615 -0.512249343076923 -0.429323466346154
"122" 21 2 "WALKING_UPSTAIRS" -0.0810453188106383 -0.0810453188106383 -0.355047693617021 -0.168982721146809 -0.577935642978723 -0.257894449148936 -0.355443706553191 -0.475369886808511 -0.628915748723404 -0.278474283829787 -0.278474283829787 -0.404183875893617 -0.420236002514894 -0.647723419148936 -0.403357611702128 -0.47772185 -0.483407096425532 -0.700980410425532
"123" 21 3 "WALKING_DOWNSTAIRS" 0.245771699004444 0.245771699004444 -0.0802241799933333 -0.184850019535556 -0.452828682444444 0.239895893822222 0.112442619741778 -0.406392284444444 -0.490804948444444 0.264341903711111 0.264341903711111 0.0952339404955556 -0.388420328666667 -0.509130858444444 0.0791271386644444 0.06320531452 -0.484489974222222 -0.571666834444444
"124" 21 4 "SITTING" -0.974734999411765 -0.974734999411765 -0.985947225176471 -0.964971113764706 -0.990307349882353 -0.974829227058824 -0.985342358705882 -0.977839702352941 -0.990014272588235 -0.971994251294118 -0.971994251294118 -0.986520865058824 -0.971225061647059 -0.990302232705882 -0.974447593176471 -0.986991549529412 -0.972027251294118 -0.991062204823529
"125" 21 5 "STANDING" -0.958774298089888 -0.958774298089888 -0.974765161910112 -0.949837151797753 -0.976857084157303 -0.962291334157303 -0.970634296404494 -0.956723022359551 -0.976126760674157 -0.956919898202247 -0.956919898202247 -0.97160651494382 -0.945614401797753 -0.976153687752809 -0.960041844382022 -0.97192611741573 -0.947763172921348 -0.977706619550562
"126" 21 6 "LAYING" -0.952596583222222 -0.952596583222222 -0.982800330555556 -0.949278890222222 -0.985915906888889 -0.953769071222222 -0.978444123888889 -0.962349012888889 -0.982993315111111 -0.942186431444444 -0.942186431444444 -0.978552618777778 -0.949289148 -0.982246471555556 -0.944449070888889 -0.977604878888889 -0.949736575111111 -0.982305117444444
"127" 22 1 "WALKING" 0.0722419121669565 0.0722419121669565 0.02291996735 -0.210608043717391 -0.461999528913043 -0.0241584964891304 0.0659727285 -0.438378722826087 -0.553946121521739 -0.161591787478261 -0.161591787478261 0.111532924945652 -0.390775683913043 -0.503106312391304 -0.381399308043478 0.158286745226087 -0.464019127391304 -0.476405270434783
"128" 22 2 "WALKING_UPSTAIRS" 0.210282608333333 0.210282608333333 -0.0957840344357143 -0.1280319236 -0.568111869047619 -0.0866905123880952 -0.0458020362119048 -0.369902 -0.667996003333333 -0.158757474833333 -0.158757474833333 -0.0876501605595238 -0.2025581772 -0.675633024285714 -0.334126221428571 -0.151299835619048 -0.234023031571429 -0.70987053452381
"129" 22 3 "WALKING_DOWNSTAIRS" 0.330999221944444 0.330999221944444 -0.0179784626888889 -0.161333309783333 -0.459579670833333 0.155526858911111 0.0224783539805556 -0.338417326388889 -0.583510518055556 0.133267478527222 0.133267478527222 -0.0337640982530556 -0.263921983758333 -0.617659355833333 -0.0575202606055556 -0.118530349166667 -0.341863671805556 -0.697451438611111
"130" 22 4 "SITTING" -0.942167353870968 -0.942167353870968 -0.979303714032258 -0.942077432741935 -0.98547603483871 -0.943078237096774 -0.968908297096774 -0.951952767258065 -0.977775448387097 -0.924336184035484 -0.924336184035484 -0.968576776774194 -0.933268487096774 -0.976503766290323 -0.926798029822581 -0.967026275967742 -0.93356300983871 -0.976318114516129
"131" 22 5 "STANDING" -0.954807661269841 -0.954807661269841 -0.975876006507936 -0.931624303968254 -0.978603529206349 -0.949044483015873 -0.959743877936508 -0.932065270793651 -0.968377798253968 -0.939866315079365 -0.939866315079365 -0.958825095396825 -0.900776555555556 -0.966086148412698 -0.943739135238095 -0.95665395968254 -0.900222411269841 -0.965344726666667
"132" 22 6 "LAYING" -0.934993799305556 -0.934993799305556 -0.971169779305556 -0.926616373333333 -0.981716936388889 -0.929818990972222 -0.962654791527778 -0.946055840972222 -0.976638980972222 -0.909407761152778 -0.909407761152778 -0.959849821805556 -0.923911565972222 -0.974201690972222 -0.913267251263889 -0.955635614444444 -0.923552358194444 -0.972789020833333
"133" 23 1 "WALKING" -0.0988770198220339 -0.0988770198220339 -0.0670819655881356 -0.0120968259523729 0.0115305410508475 -0.0942606311677966 -0.0180705701559322 0.185078207383051 0.146618569064407 -0.209989354570847 -0.209989354570847 -0.0268194363050847 0.163346451623729 0.250173204117966 -0.407577515762712 -0.0457372334118644 -0.061476584759322 0.287834616098305
"134" 23 2 "WALKING_UPSTAIRS" -0.0117536873784314 -0.0117536873784314 -0.311143885098039 -0.156527148792745 -0.504367150588235 -0.231382662235294 -0.302968064764706 -0.380388292223529 -0.51871565 -0.271893714117647 -0.271893714117647 -0.362708849411765 -0.366732989313725 -0.551275188627451 -0.410047643333333 -0.454324844901961 -0.470491576431373 -0.632659461568627
"135" 23 3 "WALKING_DOWNSTAIRS" 0.127211137694444 0.127211137694444 0.112982475627778 0.0390915481555556 -0.0463117766203704 0.364829993351852 0.335009724333333 0.150825734842593 0.0746754643666667 0.230363964351852 0.230363964351852 0.292087200087037 0.0539972903222222 0.0594908483888889 -0.0453930349148148 0.2244805035 -0.218930425944444 -0.0398573780185185
"136" 23 4 "SITTING" -0.944080772941176 -0.944080772941176 -0.982375503382353 -0.936593426911765 -0.986514066029412 -0.945837830147059 -0.974121466764706 -0.952293277205882 -0.980707211470588 -0.924963263235294 -0.924963263235294 -0.973668776323529 -0.937006097352941 -0.979226997941177 -0.927090118382353 -0.972117016617647 -0.938680776617647 -0.978499038088235
"137" 23 5 "STANDING" -0.957212267058824 -0.957212267058824 -0.978671485441176 -0.938430293382353 -0.9763992525 -0.957986177058823 -0.973798155735294 -0.944583829705882 -0.972598810882353 -0.9516698575 -0.9516698575 -0.974811528235294 -0.923796565588235 -0.972387365294118 -0.955291356470588 -0.9750536875 -0.924805421470588 -0.973849691470588
"138" 23 6 "LAYING" -0.962959196805556 -0.962959196805556 -0.987010197361111 -0.949418000972222 -0.984557478611111 -0.967747053194444 -0.985905703888889 -0.966239347916667 -0.981846854305556 -0.957871990555555 -0.957871990555555 -0.986685651527778 -0.957227585972222 -0.981314831666667 -0.958465695416667 -0.986540200694444 -0.959025538194444 -0.98158514125
"139" 24 1 "WALKING" -0.299983613965517 -0.299983613965517 -0.399722201034483 -0.403064156896552 -0.507824745862069 -0.434618912068966 -0.418641046896552 -0.534509163793103 -0.571594392068966 -0.48106401862069 -0.48106401862069 -0.409824562586207 -0.563863212586207 -0.556022765862069 -0.590265845517241 -0.40297998362069 -0.668032801896552 -0.567447731896552
"140" 24 2 "WALKING_UPSTAIRS" -0.226402822033898 -0.226402822033898 -0.488487620508475 -0.33443583979661 -0.658751629152542 -0.322300989322034 -0.429800778813559 -0.564664994745763 -0.64611467 -0.30685447 -0.30685447 -0.441068689830508 -0.503929060169492 -0.638180352881356 -0.406283377627119 -0.45964779779661 -0.54907099 -0.653876950677966
"141" 24 3 "WALKING_DOWNSTAIRS" -0.0737699163072727 -0.0737699163072727 -0.263106944836364 -0.304965806363636 -0.497152238363636 -0.0231701626603636 -0.200830137109091 -0.374298686727273 -0.474449925818182 -0.0224839122854545 -0.0224839122854545 -0.143501970018182 -0.3636948774 -0.459159852363636 -0.175291708678182 -0.0827554911536364 -0.470147270181818 -0.478030486181818
"142" 24 4 "SITTING" -0.968979156470588 -0.968979156470588 -0.985555822352941 -0.964633252352941 -0.991306424705882 -0.968905031470588 -0.984469962941177 -0.977973720735294 -0.990854751176471 -0.963779683235294 -0.963779683235294 -0.985418456176471 -0.969257162647059 -0.990724530735294 -0.965852262058824 -0.98561372 -0.969105899117647 -0.990933058235294
"143" 24 5 "STANDING" -0.950061017681159 -0.950061017681159 -0.977620953913043 -0.954518594057971 -0.982387268985507 -0.960066088115942 -0.972251355217391 -0.963922314202899 -0.981119237826087 -0.94790101173913 -0.94790101173913 -0.973108343043478 -0.95310477884058 -0.979995718695652 -0.949522556376812 -0.973195509565217 -0.954407176956522 -0.9797551
"144" 24 6 "LAYING" -0.9718540425 -0.9718540425 -0.985529270555556 -0.953791512638889 -0.982780873888889 -0.973171068055556 -0.983108084305556 -0.964001383472222 -0.978596740694444 -0.969354834166667 -0.969354834166667 -0.983605927361111 -0.957829934722222 -0.978659102222222 -0.971063024027778 -0.98328511625 -0.961369084583333 -0.980096981111111
"145" 25 1 "WALKING" -0.40528943 -0.40528943 -0.538291424594595 -0.394362401351351 -0.678466069054054 -0.566060023108108 -0.564591342162162 -0.562733252702703 -0.770300895540541 -0.565601466081081 -0.565601466081081 -0.542870062567568 -0.489809386081081 -0.757032544864865 -0.632927475540541 -0.51900424972973 -0.529262243378378 -0.75738578027027
"146" 25 2 "WALKING_UPSTAIRS" -0.305772199076923 -0.305772199076923 -0.679160843538462 -0.3186346998 -0.777106026615385 -0.527907561538462 -0.654795110615385 -0.567153469846154 -0.822403906 -0.480006649846154 -0.480006649846154 -0.674513059846154 -0.387754116158462 -0.824883302769231 -0.536120293230769 -0.703433692615385 -0.386612992876923 -0.841061012153846
"147" 25 3 "WALKING_DOWNSTAIRS" -0.22010859462069 -0.22010859462069 -0.50048333137931 -0.216082565601724 -0.664713625172414 -0.288154787517241 -0.471642111551724 -0.485763582068966 -0.687034281206897 -0.259465249913793 -0.259465249913793 -0.482976929827586 -0.38216092137931 -0.67960595137931 -0.359437080103448 -0.502224768103448 -0.423707329706897 -0.693032409137931
"148" 25 4 "SITTING" -0.970409337076923 -0.970409337076923 -0.989545142461538 -0.966568718615385 -0.99286465 -0.967017992615385 -0.987941825538462 -0.979350913692308 -0.991781701692308 -0.960003414461538 -0.960003414461538 -0.988311804923077 -0.970639125692308 -0.991766403076923 -0.961997268307692 -0.987618801076923 -0.970321897230769 -0.992019559538462
"149" 25 5 "STANDING" -0.972663592162162 -0.972663592162162 -0.984647071216216 -0.967077442837838 -0.985091991216216 -0.972355393243243 -0.982294170810811 -0.968972499594595 -0.98401783027027 -0.968075629324324 -0.968075629324324 -0.982637080945946 -0.959884274324324 -0.983230809594595 -0.970203660405405 -0.982083315 -0.961090396891892 -0.983098935945946
"150" 25 6 "LAYING" -0.56047777609589 -0.56047777609589 -0.962161355890411 -0.809688545342466 -0.969783262465753 -0.774481943616438 -0.96008314739726 -0.910126993561644 -0.96825160890411 -0.649254767945205 -0.649254767945205 -0.961931605342466 -0.856017369726027 -0.96830952260274 -0.651353241643836 -0.963601212876712 -0.850661340684931 -0.970457947534247
"151" 26 1 "WALKING" -0.223399171830508 -0.223399171830508 -0.290758024915254 -0.392092024067797 -0.51239882559322 -0.379836742711864 -0.293358341186441 -0.551927613050847 -0.619461036101695 -0.421848313898305 -0.421848313898305 -0.279350754237288 -0.538329286101695 -0.603468672372881 -0.537183967118644 -0.268948465423729 -0.60946621661017 -0.612930343220339
"152" 26 2 "WALKING_UPSTAIRS" -0.142874499381818 -0.142874499381818 -0.404463896363636 -0.344427047636364 -0.648099850181818 -0.167566383372727 -0.294970470909091 -0.556084778181818 -0.673580662727273 -0.1507071068 -0.1507071068 -0.334531344727273 -0.514032410181818 -0.661829656545455 -0.274226227272727 -0.393715352181818 -0.569632 -0.669846294545455
"153" 26 3 "WALKING_DOWNSTAIRS" 0.114379383742 0.114379383742 -0.1488562664 -0.23531462282 -0.4187798104 0.075101684668 -0.15317202912 -0.3345099466 -0.4722007526 0.14700167906 0.14700167906 -0.111303956316 -0.296158291686 -0.463140795 0.005749436614 -0.067941075972 -0.39299065312 -0.4894973794
"154" 26 4 "SITTING" -0.953079994102564 -0.953079994102564 -0.990898435769231 -0.954052945897436 -0.994466446282051 -0.952411043717949 -0.989481942820513 -0.97646387 -0.993985447564103 -0.933602783410256 -0.933602783410256 -0.989986111666667 -0.964742022307692 -0.994033207051282 -0.934587699141026 -0.989521272820513 -0.963650652307692 -0.99420976974359
"155" 26 5 "STANDING" -0.968511694324324 -0.968511694324324 -0.986985213648649 -0.968673955540541 -0.98854482527027 -0.970605250405405 -0.98287688945946 -0.972333108648649 -0.985762255540541 -0.962697299189189 -0.962697299189189 -0.982626252972973 -0.962653585540541 -0.984253792432432 -0.963909299324324 -0.981129312702703 -0.962967605810811 -0.983313996081081
"156" 26 6 "LAYING" -0.976785042368421 -0.976785042368421 -0.989970604210526 -0.951863594736842 -0.99219798 -0.969269114078947 -0.989138184473684 -0.974305179605263 -0.990430914078947 -0.964355190394737 -0.964355190394737 -0.989101949473684 -0.965676821973684 -0.989917354473684 -0.966576631710526 -0.987901463289474 -0.96613921868421 -0.989628012236842
"157" 27 1 "WALKING" -0.238853875263158 -0.238853875263158 -0.230500549298246 -0.396638753684211 -0.562587199473684 -0.327229405789474 -0.259934013157895 -0.519451704035088 -0.623288199649123 -0.407355787017544 -0.407355787017544 -0.266138940350877 -0.482452355789474 -0.618718628596491 -0.550392604912281 -0.279732022017544 -0.546888146491228 -0.639242384210526
"158" 27 2 "WALKING_UPSTAIRS" -0.160589355980392 -0.160589355980392 -0.479067422156863 -0.286145719598039 -0.699895090784314 -0.393928937058824 -0.460770277843137 -0.607667730196078 -0.71917980372549 -0.37994878627451 -0.37994878627451 -0.464610567058824 -0.501775426447059 -0.724671165490196 -0.468707734509804 -0.473011558823529 -0.523335975411765 -0.751714312941177
"159" 27 3 "WALKING_DOWNSTAIRS" 0.108071382861364 0.108071382861364 -0.115421210625 -0.164783206536364 -0.440546586136364 0.149816459227273 0.010857564025 -0.359113724772727 -0.46777776875 0.121176277863636 0.121176277863636 -0.0386367422818182 -0.307952089840909 -0.465807533547727 -0.071212004425 -0.113625944990909 -0.397984195568182 -0.502831373477273
"160" 27 4 "SITTING" -0.979481668857143 -0.979481668857143 -0.989467178285714 -0.963565474 -0.994034710714286 -0.974766466714286 -0.988773269428571 -0.979482820857143 -0.992390264285714 -0.969526674714286 -0.969526674714286 -0.989200539571429 -0.970782132714286 -0.992112829571429 -0.970885296857143 -0.988531651142857 -0.970528266285714 -0.991967776285714
"161" 27 5 "STANDING" -0.972753287375 -0.972753287375 -0.985347620125 -0.968702956625 -0.989532103875 -0.973186182375 -0.984151646 -0.975525565625 -0.98941848275 -0.9663601145 -0.9663601145 -0.98415908975 -0.965693334 -0.988819784 -0.967529105125 -0.983022277625 -0.96540017025 -0.988579092
"162" 27 6 "LAYING" -0.982091652162162 -0.982091652162162 -0.988372773648649 -0.966917594459459 -0.994355043783784 -0.981389017702703 -0.988098902567568 -0.979890667972973 -0.993563778648649 -0.978920176216216 -0.978920176216216 -0.988586771351351 -0.971915732837838 -0.993484313243243 -0.980296339054054 -0.988174859594595 -0.971806236756757 -0.993552299324324
"163" 28 1 "WALKING" -0.1806660203 -0.1806660203 -0.299223359444444 -0.310775945814815 -0.546248758518519 -0.352156841666667 -0.360811456296296 -0.514602424814815 -0.595965103703704 -0.39269402 -0.39269402 -0.390449724259259 -0.460511661296296 -0.579861194259259 -0.511573670555556 -0.436273009814815 -0.516811574074074 -0.589071730555556
"164" 28 2 "WALKING_UPSTAIRS" -0.186240503960784 -0.186240503960784 -0.388086248235294 -0.263415282690196 -0.620279797647059 -0.213519364760784 -0.294433415745098 -0.534835409607843 -0.662505819411765 -0.211928666470588 -0.211928666470588 -0.325362338235294 -0.476923344705882 -0.670132120784314 -0.334626168823529 -0.374495907647059 -0.528187016862745 -0.70485275745098
"165" 28 3 "WALKING_DOWNSTAIRS" 0.104359216580435 0.104359216580435 -0.0707560279130435 -0.068246324026087 -0.340417305565217 0.188840007695652 -0.0128823827326087 -0.223354793921739 -0.396720714347826 0.135465563932609 0.135465563932609 -0.0418872609934783 -0.22448414468913 -0.407132335434783 -0.074058597676087 -0.0883598523695652 -0.362903836717391 -0.464722244347826
"166" 28 4 "SITTING" -0.955789708611111 -0.955789708611111 -0.973274366805556 -0.955175567083333 -0.981213159305556 -0.953928124027778 -0.969178686666667 -0.960297525 -0.979465868888889 -0.947782703333333 -0.947782703333333 -0.970301646111111 -0.951065984027778 -0.978441918333333 -0.952281424444444 -0.970823336388889 -0.953534292638889 -0.97839537
"167" 28 5 "STANDING" -0.92547165164557 -0.92547165164557 -0.959551987468354 -0.894242469620253 -0.959681019113924 -0.929146479367089 -0.952727765189873 -0.909652436329114 -0.958758576835443 -0.917658334177215 -0.917658334177215 -0.954068391518987 -0.876917545696203 -0.956266480126582 -0.923857158227848 -0.954963155316456 -0.878459662025316 -0.955983424556962
"168" 28 6 "LAYING" -0.95811223025 -0.95811223025 -0.978455341875 -0.93710692125 -0.978220270625 -0.961035587625 -0.9734362485 -0.944218369375 -0.971830582375 -0.9545740295 -0.9545740295 -0.973312647875 -0.928940913375 -0.96977327725 -0.95756401875 -0.972336128625 -0.931675004125 -0.96931982125
"169" 29 1 "WALKING" -0.0955213393716981 -0.0955213393716981 -0.240231677415094 -0.28057326754717 -0.506242118113208 -0.235683305566038 -0.108978206490566 -0.416817853396226 -0.628501115849057 -0.262695063584906 -0.262695063584906 -0.133036273622642 -0.358814096603774 -0.612222937169811 -0.393257505471698 -0.169506499226415 -0.429156830566038 -0.618667722641509
"170" 29 2 "WALKING_UPSTAIRS" 0.00834360271428571 0.00834360271428571 -0.344324833061224 0.0439627677608163 -0.617340803061225 -0.108306402963265 -0.239108046693878 -0.357213897032653 -0.697454553061225 -0.0414696051693878 -0.0414696051693878 -0.254485176020408 -0.0800476153673469 -0.712846318367347 -0.155993755897959 -0.280583556530612 -0.074331469755102 -0.756464186122449
"171" 29 3 "WALKING_DOWNSTAIRS" 0.103705165666667 0.103705165666667 -0.138637624454167 -0.122968108816667 -0.539174456458333 0.115973968158333 0.000448896304791667 -0.381459881875 -0.596578626041667 0.1344811501875 0.1344811501875 -0.0307693372041667 -0.26740979843125 -0.59705704875 -0.0330868111229167 -0.0797714324854167 -0.323024575098542 -0.626675982083333
"172" 29 4 "SITTING" -0.978017021833333 -0.978017021833333 -0.990719807666667 -0.962377332166667 -0.995392308166667 -0.973346531833333 -0.990093703833333 -0.980269425833333 -0.995063049 -0.9692903165 -0.9692903165 -0.990531729333333 -0.971578024666667 -0.994905344 -0.971218019833333 -0.989822909333333 -0.971011373 -0.994742028
"173" 29 5 "STANDING" -0.984745318923077 -0.984745318923077 -0.990785419538462 -0.980657340461539 -0.992144698923077 -0.984548094769231 -0.989793892615385 -0.980879722923077 -0.991672052 -0.981745712923077 -0.981745712923077 -0.990495689538462 -0.975358665384615 -0.991453632153846 -0.982247716 -0.990327934615385 -0.975938728769231 -0.991516778307692
"174" 29 6 "LAYING" -0.986493196666667 -0.986493196666667 -0.992725367826087 -0.971923623043478 -0.997322526811594 -0.986800645362319 -0.993998275797101 -0.98400134173913 -0.997617389275362 -0.981572147681159 -0.981572147681159 -0.994646916811594 -0.977040093043478 -0.997666071594203 -0.981599783623188 -0.994366667681159 -0.976679046231884 -0.99758523057971
"175" 30 1 "WALKING" -0.195140032969231 -0.195140032969231 -0.352111713846154 -0.0229640797463077 -0.472068729846154 -0.342363772923077 -0.347180134692308 -0.358344356 -0.547621753230769 -0.359873411538462 -0.359873411538462 -0.353751020923077 -0.266845731292308 -0.546977272307692 -0.469852794923077 -0.366537416615385 -0.331541740923077 -0.578580044615385
"176" 30 2 "WALKING_UPSTAIRS" -0.137627857227385 -0.137627857227385 -0.596600099538461 -0.113608367276923 -0.718780256769231 -0.400588353846154 -0.549784890615385 -0.449150735076923 -0.773974451846154 -0.327410815861538 -0.327410815861538 -0.561837706461538 -0.169293534323077 -0.774439096769231 -0.394508080769231 -0.580878133230769 -0.151472278383077 -0.791349425076923
"177" 30 3 "WALKING_DOWNSTAIRS" -0.0373901122469355 -0.0373901122469355 -0.293738801622581 -0.095537320533871 -0.574337006451613 0.00410151034354839 -0.125961400367742 -0.356772347348871 -0.617578814032258 -0.0135771208822581 -0.0135771208822581 -0.125283184512903 -0.208267542032258 -0.617662073548387 -0.178535173268548 -0.133124304612577 -0.252361882572581 -0.645503942419355
"178" 30 4 "SITTING" -0.957487221451613 -0.957487221451613 -0.987799055645161 -0.955847323870968 -0.993737388225806 -0.959923388064516 -0.985826330967742 -0.973876282903226 -0.991750682096774 -0.942901466612903 -0.942901466612903 -0.98605764 -0.960641288225806 -0.991280225 -0.943543732580645 -0.985294959032258 -0.959513937258065 -0.990946424516129
"179" 30 5 "STANDING" -0.930573574915254 -0.930573574915254 -0.971225190169491 -0.913890564915254 -0.972995273898305 -0.932047450677966 -0.953357615932203 -0.917449417288136 -0.959242165084746 -0.916570441355932 -0.916570441355932 -0.950762271186441 -0.887247636779661 -0.955995671864407 -0.921733233050847 -0.946639846949153 -0.888872227966102 -0.955008564237288
"180" 30 6 "LAYING" -0.969829984285714 -0.969829984285714 -0.97923282 -0.962284921142857 -0.985086413428571 -0.962840820428571 -0.969949269571429 -0.962001199 -0.977821335571429 -0.960167907285714 -0.960167907285714 -0.969642290285714 -0.951264441 -0.976177142571429 -0.964051810714286 -0.968087778 -0.952644449285714 -0.975481548714286
